              precision    recall  f1-score   support

           1       0.86      0.81      0.84      1038
           2       0.68      0.64      0.66       741
           3       0.62      0.61      0.61      2197
           4       0.76      0.87      0.81      2085
           5       0.50      0.48      0.49      2174
           6       0.63      0.63      0.63      2131
           7       0.68      0.67      0.67      2162

    accuracy                           0.66     12528
   macro avg       0.68      0.67      0.67     12528
weighted avg       0.66      0.66      0.66     12528
